	GC11	GC76	GC55	GC5	GC36	GC62	GC48	GC88	GC105	GC104	GC9	GC16	GC53	GC91	GC29	GC98	GC45	GC17	GC85	GC13	GC51	GC49	GC2	GC34	GC94	GC90	GC103	GC75	GC56	GC7	GC19	GC27	GC93	GC87	GC28	GC46	GC14	GC44	GC73	GC97	GC39	GC102	GC31	GC42	GC24	GC83	GC84	GC57	GC12	GC20	GC89	GC71	GC109	GC4	GC107	GC21	GC38	GC64	GC3	GC6	GC22	GC43	GC1	GC110	GC72	GC58	GC26	GC100	GC35	GC183R	GC54	GC70	GC106	GC77	GC82
GC11	0.0	0.602028564797	0.647222541253	0.611790338051	0.594720864528	0.589207058804	0.591551618376	0.644284015827	0.766677611191	0.785629146653	0.654664918942	0.645778199282	0.601148921434	0.673506741489	0.602872201574	0.599476029349	0.588234802245	0.609794578445	0.657576699303	0.640633117017	0.609349436268	0.599229541769	0.63944781133	0.592859994868	0.64163796709	0.612935097119	0.759918878371	0.671190345318	0.62175726084	0.603882767824	0.610461337237	0.581907588	0.601121444757	0.600935673603	0.597815564331	0.697449945428	0.637253541317	0.582321048398	0.590419246416	0.598873176868	0.599414750222	0.751904881114	0.592071419403	0.589182776905	0.614874917579	0.64854885879	0.67040927994	0.6387927932	0.643698052884	0.629098269142	0.624171169421	0.627183935219	0.753128983505	0.611701019357	0.770345154256	0.60105147491	0.607989226069	0.66736823247	0.538271652182	0.606532808071	0.596696904872	0.597784965465	0.609613314551	0.766451595129	0.60645450643	0.618980472202	0.562488764939	0.610991786089	0.577200612633	0.84932918338	0.577463844949	0.720929220663	0.770679467207	0.577636828218	0.642060426368
GC76	0.602028564797	0.0	0.615966520133	0.573108831608	0.626849785416	0.584367015124	0.617322460635	0.610598731854	0.743956930958	0.758513279658	0.627022567206	0.62994920423	0.615434442428	0.637999300372	0.606385843219	0.612936214434	0.568803257067	0.606117907248	0.638248416287	0.628467764213	0.578754138787	0.598898586414	0.600457644814	0.576402424482	0.594446468347	0.600399202333	0.748581260268	0.655857369576	0.589824375881	0.594721373471	0.590583879415	0.621531416641	0.621631632607	0.620252744657	0.626439206393	0.690529357159	0.620576626941	0.579768299721	0.601647186331	0.592565037263	0.560872851665	0.72916535998	0.609926231228	0.582138323185	0.623506493542	0.608605226884	0.614124252454	0.657655124416	0.629687616435	0.627800055163	0.62646815053	0.577722067339	0.72901596506	0.604935180147	0.749457826142	0.624815463425	0.618729473732	0.629298774928	0.579858429535	0.625218754609	0.600393765391	0.618581353271	0.620020874019	0.743686972973	0.599100374601	0.637358687116	0.594547170893	0.609166306969	0.612115950442	0.857007936589	0.597574718217	0.70490166766	0.767713643514	0.561161961465	0.613662691513
GC55	0.647222541253	0.615966520133	0.0	0.588875904551	0.628281067241	0.616868195144	0.634501047814	0.637788172701	0.740571384974	0.756662275582	0.661060763137	0.602182659947	0.64296823697	0.619766280679	0.624799996065	0.646472075824	0.597447940764	0.63086181281	0.633708860846	0.650217294923	0.620454186459	0.625627134674	0.611377396305	0.60353160576	0.610224535038	0.602722130828	0.737354180583	0.690821522214	0.601987525211	0.611107780707	0.619716792278	0.632151671499	0.626897374304	0.643305408516	0.645272103644	0.724148951987	0.608183912409	0.626942247933	0.646599405507	0.618743249234	0.630335063947	0.73713519597	0.601045445611	0.616772204139	0.665548432925	0.608811637238	0.636099899697	0.666010815882	0.624555255832	0.632490410436	0.653421848742	0.619804225016	0.716366935315	0.650944802817	0.741023196295	0.643183096447	0.66040563037	0.649439949336	0.640854700082	0.609806695603	0.647196342653	0.611361751702	0.615035136677	0.740750775042	0.623132878559	0.642845037886	0.649947974995	0.618120173176	0.622343528322	0.873693986534	0.618642253755	0.729368241491	0.75092122612	0.619234390909	0.589894132297
GC5	0.611790338051	0.573108831608	0.588875904551	0.0	0.586742918944	0.59866759793	0.591843602995	0.603392184492	0.756080304236	0.763232903617	0.621434321551	0.600530008993	0.602512267988	0.621495555116	0.578792688872	0.582315389218	0.572142373897	0.599482681093	0.628442676124	0.616589835865	0.575048491366	0.594072871506	0.597261244362	0.592174034359	0.600728713591	0.573382710359	0.763613410058	0.660626130512	0.58231833471	0.577410224008	0.606096127608	0.606506392146	0.624116249608	0.612196531514	0.602809127932	0.699571285812	0.559046072774	0.569514111867	0.611487249398	0.618886700835	0.597321989074	0.748024300139	0.585324226378	0.58138087687	0.643308430702	0.592758108653	0.634354386813	0.645575431914	0.590496595749	0.607126999655	0.645635977255	0.566632347397	0.735791625515	0.601196323351	0.758247872928	0.600706418191	0.610693851237	0.657236294145	0.567152877389	0.574973290386	0.589125400501	0.61153323463	0.598058590724	0.760961510812	0.602645277056	0.606727484267	0.599231498055	0.590912722772	0.580098766389	0.85717627135	0.565289684563	0.712232092783	0.765778345718	0.543221800542	0.601824294025
GC36	0.594720864528	0.626849785416	0.628281067241	0.586742918944	0.0	0.618318783506	0.582215201862	0.615984721542	0.744207174826	0.763453416873	0.631672660317	0.626649478924	0.600095231937	0.652778613371	0.583507138832	0.607393468603	0.565965838502	0.604067783851	0.638690982911	0.624861425205	0.598923716358	0.579725159534	0.619811793314	0.601685533326	0.618398992594	0.583008104758	0.744196451702	0.693424556798	0.610970849769	0.613149274748	0.608584984888	0.587594278832	0.569754263859	0.578905110676	0.593812192425	0.680036180095	0.608041722103	0.597173282411	0.614832724313	0.600952996843	0.602052204366	0.753307679187	0.569112653003	0.576655549217	0.597033776353	0.627553349416	0.640200473649	0.63217523171	0.601916410919	0.603104401311	0.638888161848	0.580063415302	0.73555920553	0.605062331657	0.759979965346	0.590095606985	0.606976740584	0.643019688646	0.584462923035	0.591142496347	0.594960539893	0.565470645644	0.616171487603	0.753590074965	0.599545131166	0.601193778864	0.56443189685	0.574336382639	0.574144827999	0.861344431113	0.583812327892	0.730677809489	0.767549923183	0.585961695827	0.607402000121
GC62	0.589207058804	0.584367015124	0.616868195144	0.59866759793	0.618318783506	0.0	0.600791364268	0.608535266068	0.74237439518	0.761584170923	0.659493296432	0.633262771463	0.621152931663	0.641128816141	0.616015899634	0.611957934641	0.58155497028	0.580637114941	0.664614378039	0.631735636906	0.60588391833	0.586796332875	0.628582717454	0.582594131389	0.604716127294	0.594340487332	0.757096721857	0.671177237797	0.650450413064	0.626637643583	0.600861481579	0.58473095659	0.618685448873	0.623785723603	0.595742647818	0.673141156848	0.625663127355	0.609946457077	0.586432441104	0.607892066384	0.606720179046	0.761976544441	0.608763175596	0.570194858875	0.604966811653	0.63063755574	0.641812950901	0.625150524781	0.637147096782	0.622705779626	0.61122920622	0.624099367389	0.722088631947	0.592441687176	0.740339903923	0.590136106286	0.581512889163	0.629023851194	0.598871880214	0.618925987274	0.581633678202	0.6226499528	0.619377783767	0.756012109054	0.608662582481	0.611329064424	0.591457691915	0.58594435692	0.62305455335	0.846576022913	0.613048811391	0.678213750141	0.758153002058	0.60186054808	0.6282039183
GC48	0.591551618376	0.617322460635	0.634501047814	0.591843602995	0.582215201862	0.600791364268	0.0	0.63198286627	0.768124636853	0.78879444143	0.671511945581	0.647432149126	0.58907000971	0.683648195602	0.597840921248	0.553626840027	0.594016006729	0.586677673067	0.669957381597	0.63901215629	0.593780584196	0.562339745381	0.654074797558	0.594317657854	0.638230381061	0.594723163162	0.78552618683	0.669693972873	0.645690541231	0.607035489098	0.650397051644	0.566461411336	0.592349850211	0.615178761274	0.611097989968	0.660689112937	0.620656004913	0.610248821433	0.573106313347	0.602568267905	0.614612091945	0.792655303299	0.607982979886	0.592179978209	0.608637240439	0.661308880391	0.681161033608	0.636627342404	0.64506314245	0.632590412155	0.606456625934	0.576237619462	0.755047337305	0.608050767596	0.786112219996	0.597679178443	0.616093787864	0.685308284193	0.557282471721	0.597230280767	0.567081841546	0.571796383112	0.601532749966	0.783788590512	0.628550706611	0.615864591192	0.571513718895	0.579640394897	0.558324803227	0.845105378367	0.598513934048	0.703961384219	0.792321577282	0.583200246124	0.621259514225
GC88	0.644284015827	0.610598731854	0.637788172701	0.603392184492	0.615984721542	0.608535266068	0.63198286627	0.0	0.765622276666	0.77119186549	0.620539648438	0.635645832134	0.665091934726	0.631519608037	0.632743795242	0.60628115146	0.624339058738	0.628285196565	0.642142366474	0.634611168276	0.629414326245	0.63727993777	0.613215698599	0.63408916329	0.606993248773	0.640808867684	0.759731245913	0.658046220008	0.624459414709	0.634275828446	0.620213333976	0.641804295233	0.62494267107	0.651685967635	0.635840066201	0.676702154525	0.60578408093	0.615429431325	0.608589603676	0.632449902725	0.609674036863	0.750490110405	0.624695876069	0.616298165528	0.651692497528	0.614954680874	0.639475163888	0.624549953341	0.624461227225	0.648232720351	0.646879273603	0.593889004365	0.752841012997	0.645123802062	0.767447153867	0.641583485101	0.623385833274	0.62862329872	0.591392323351	0.645491550768	0.665592898924	0.628811302683	0.621553864593	0.762754612733	0.63482935943	0.662277654062	0.602209224228	0.626960137995	0.636897730349	0.84403459074	0.603746463723	0.687628728358	0.782935787265	0.598335210904	0.634268086209
GC105	0.766677611191	0.743956930958	0.740571384974	0.756080304236	0.744207174826	0.74237439518	0.768124636853	0.765622276666	0.0	0.595993171256	0.744417798593	0.700349086442	0.774394089956	0.702950994357	0.738132406896	0.780443891888	0.714415537151	0.76223775978	0.690994852135	0.734488195938	0.740874487306	0.757110776683	0.709907148233	0.754275753202	0.729549840749	0.752582370638	0.572676123485	0.711630148975	0.716283115367	0.705278880131	0.729648691044	0.775726686619	0.751345778303	0.777234465445	0.7333888952	0.825355042468	0.72916459374	0.717896573584	0.762871611247	0.75800662915	0.753038667075	0.604142906103	0.70719214717	0.763210750869	0.760422608974	0.704260343291	0.687494857223	0.766806421381	0.736473423942	0.751013858536	0.790963387837	0.765815378334	0.58667366771	0.743021747189	0.596347020433	0.753552885619	0.753626834699	0.695102832185	0.762198106979	0.768546561989	0.769426921531	0.750549839563	0.730364056618	0.590146653318	0.738365047245	0.760058500205	0.77279197628	0.743079033075	0.758606130182	0.929382562013	0.746135924843	0.822170977778	0.57183273956	0.755968713942	0.723241571309
GC104	0.785629146653	0.758513279658	0.756662275582	0.763232903617	0.763453416873	0.761584170923	0.78879444143	0.77119186549	0.595993171256	0.0	0.772291677403	0.727912467048	0.784664549281	0.737121145321	0.750653959586	0.804913073208	0.729727662786	0.76277106375	0.713412571002	0.762208224896	0.758297353395	0.759053705753	0.72443594321	0.769197799533	0.740680155392	0.770698086208	0.626434267923	0.736572002936	0.743146187587	0.731675179066	0.737870112529	0.787627480076	0.746191260927	0.805819893811	0.743271341333	0.823031207964	0.723690852511	0.729498945161	0.763551955496	0.757736153152	0.769268078416	0.635522701893	0.728060822438	0.771723896915	0.754384347611	0.713342777047	0.703764335943	0.764524933726	0.74641448024	0.756404458514	0.806306892104	0.775293239999	0.600404314987	0.746941320139	0.610147339437	0.764864064839	0.759100938231	0.708553830743	0.779002327881	0.784104562772	0.783472867942	0.767445165922	0.763648247429	0.6277336822	0.764195474665	0.771972485013	0.785069159825	0.741487528625	0.765366354015	0.926004644793	0.770706219376	0.820607296061	0.619246397495	0.755930835151	0.732108989895
GC9	0.654664918942	0.627022567206	0.661060763137	0.621434321551	0.631672660317	0.659493296432	0.671511945581	0.620539648438	0.744417798593	0.772291677403	0.0	0.645336366395	0.669800439716	0.646133107247	0.66830980132	0.667748709845	0.623576352501	0.669671918011	0.647616094043	0.662951175659	0.643220060341	0.662430131151	0.617466895047	0.642851184475	0.633609001452	0.672192001363	0.727464582154	0.667515228133	0.62612593662	0.658845674152	0.621628835581	0.639134562455	0.655863844472	0.648593069207	0.668819982974	0.686494061904	0.624268914432	0.64387296923	0.687152118284	0.660217622776	0.641361472846	0.733949820477	0.646404290331	0.65614947976	0.658362113226	0.607272468789	0.615677720218	0.626125460459	0.629190091441	0.660648686062	0.677008404148	0.650349599035	0.728815315449	0.67921256382	0.730325161403	0.650651636648	0.642252705721	0.618101775886	0.666045264562	0.67949553877	0.658599582559	0.64356245735	0.630113854158	0.73518969058	0.633746373046	0.660775153482	0.621672948967	0.636169899008	0.643343212792	0.85814986954	0.60541752252	0.74642982957	0.748022719387	0.640750378648	0.644791702855
GC16	0.645778199282	0.62994920423	0.602182659947	0.600530008993	0.626649478924	0.633262771463	0.647432149126	0.635645832134	0.700349086442	0.727912467048	0.645336366395	0.0	0.651497148856	0.597194540475	0.62254146527	0.646826366959	0.615507122183	0.659459498331	0.614778004547	0.644854263092	0.612921913189	0.633836342771	0.602015067803	0.636578782416	0.636305399268	0.634941491373	0.691863581317	0.677768076096	0.611520667601	0.606159167602	0.595835785267	0.627658655646	0.628343601114	0.65282622527	0.637560080683	0.738438743374	0.577343495027	0.608175221571	0.655260646	0.660963381942	0.626035109462	0.699447236488	0.601738423209	0.616802245248	0.663655899354	0.612032991168	0.62267805823	0.660879102097	0.614861256915	0.645570658781	0.703706501552	0.627344934244	0.697687144383	0.651708177975	0.697001051999	0.646829247333	0.641840365347	0.632132944834	0.628206222304	0.62927907627	0.643973600725	0.638239557547	0.634114819971	0.701716530044	0.617828130513	0.642431491579	0.633350147877	0.612011212161	0.618580777989	0.898551779222	0.641334503796	0.748367774516	0.706850510359	0.626704579647	0.61461328302
GC53	0.601148921434	0.615434442428	0.64296823697	0.602512267988	0.600095231937	0.621152931663	0.58907000971	0.665091934726	0.774394089956	0.784664549281	0.669800439716	0.651497148856	0.0	0.667875927881	0.584349958777	0.594862156874	0.610818144366	0.590133359061	0.665551978818	0.659311324438	0.619073643474	0.575913344699	0.674724040745	0.627512638076	0.653049557329	0.567632063332	0.781345338276	0.710918777852	0.652267603592	0.593616319324	0.640802962901	0.616940745349	0.603491702621	0.580148001213	0.600556333198	0.672403139294	0.633584973548	0.584609314433	0.57882913745	0.622744857987	0.588117493445	0.781331569583	0.589593010337	0.594990965658	0.623244911369	0.675531237194	0.694410733788	0.632185710556	0.637123313616	0.616932886795	0.611360969524	0.607972966842	0.75837887928	0.572442484515	0.766052821934	0.590999752489	0.624849662219	0.703702249139	0.572799314217	0.584576381393	0.559920273328	0.553781232308	0.637073136317	0.781454654726	0.594697164301	0.614984953426	0.591222621464	0.596152155757	0.59555943055	0.853012287769	0.607817623854	0.739633066382	0.788454864891	0.587828412712	0.653965492743
GC91	0.673506741489	0.637999300372	0.619766280679	0.621495555116	0.652778613371	0.641128816141	0.683648195602	0.631519608037	0.702950994357	0.737121145321	0.646133107247	0.597194540475	0.667875927881	0.0	0.633772706312	0.673725023206	0.625164330173	0.676851866804	0.590742075711	0.655372438705	0.645419927542	0.649290631397	0.610870926093	0.641586596979	0.62337904534	0.6363554162	0.688382169822	0.688065196827	0.625841132044	0.620075404415	0.614409030261	0.650262548907	0.674485529592	0.664477522197	0.627099243101	0.757688322297	0.606415617875	0.619923076533	0.649846692402	0.673998778115	0.63101257713	0.696969740749	0.613757021922	0.626122115884	0.670816123883	0.597436586331	0.621649708736	0.659147211625	0.616505396754	0.657185279251	0.704525790692	0.678018331954	0.701369114242	0.664699126912	0.716660933087	0.657730318808	0.653783186874	0.632204532313	0.661184103564	0.655976707858	0.699333708081	0.674956727805	0.641678957236	0.704411180915	0.629305637261	0.681901822782	0.631953458026	0.650395983728	0.643393973019	0.900150791692	0.608114567453	0.76603126389	0.714335820341	0.649081846586	0.617044434785
GC29	0.602872201574	0.606385843219	0.624799996065	0.578792688872	0.583507138832	0.616015899634	0.597840921248	0.632743795242	0.738132406896	0.750653959586	0.66830980132	0.62254146527	0.584349958777	0.633772706312	0.0	0.600536094163	0.595377418662	0.615569171005	0.637871869314	0.646588028112	0.608285901414	0.604319657306	0.642755782507	0.585380942805	0.610781194392	0.604169374353	0.74452031582	0.713487214917	0.62578116263	0.56816699924	0.62003670436	0.632815588151	0.600966717637	0.617759089871	0.61031439075	0.724852290648	0.624699079072	0.593096028573	0.602976483086	0.579688710864	0.586579206869	0.762984391982	0.56858498151	0.580000403321	0.633640670394	0.646615633603	0.65246921204	0.653951736831	0.619507119384	0.597875072683	0.660191282067	0.575359533213	0.738315846673	0.564341533183	0.745184453025	0.617636992364	0.630719587011	0.675927330065	0.596554256833	0.548963388237	0.594946254911	0.582032343963	0.648977618972	0.752034538993	0.606926171721	0.614083771879	0.59466851346	0.613996045866	0.590815203269	0.875855018788	0.582291100437	0.736731488074	0.754357787591	0.574050829675	0.638117903236
GC98	0.599476029349	0.612936214434	0.646472075824	0.582315389218	0.607393468603	0.611957934641	0.553626840027	0.60628115146	0.780443891888	0.804913073208	0.667748709845	0.646826366959	0.594862156874	0.673725023206	0.600536094163	0.0	0.615757994714	0.61752843875	0.670045872779	0.637340297797	0.616417580293	0.593001390526	0.655304904443	0.586123896326	0.641686652601	0.611479542326	0.79124437272	0.672167629701	0.644935026777	0.61982091269	0.639958618885	0.619558385278	0.609767692901	0.600210245433	0.59168290837	0.685043075259	0.640908278766	0.606761749555	0.565144875024	0.596749802297	0.615957490973	0.789998623751	0.600399161871	0.578260305607	0.649626785495	0.652204109405	0.686278064278	0.666968388523	0.664158971662	0.636517818544	0.61352860353	0.569127168535	0.762974352946	0.603990282245	0.790809327167	0.576628371035	0.614626931911	0.694707933755	0.582167122615	0.561867355873	0.575339536939	0.608623198492	0.614392723397	0.778968738557	0.628499476373	0.612244132768	0.591544290918	0.583846239241	0.590160542784	0.850800311122	0.608478533376	0.70108526039	0.80325659706	0.568923211753	0.640709531021
GC45	0.588234802245	0.568803257067	0.597447940764	0.572142373897	0.565965838502	0.58155497028	0.594016006729	0.624339058738	0.714415537151	0.729727662786	0.623576352501	0.615507122183	0.610818144366	0.625164330173	0.595377418662	0.615757994714	0.0	0.593572264424	0.616443800564	0.635554421935	0.54846042503	0.595302121839	0.585643770405	0.557844972985	0.58085236711	0.60290586692	0.725865325615	0.666536831084	0.581930763167	0.58024112453	0.593180856759	0.597927901347	0.593391414255	0.5988007827	0.585171747161	0.713935098459	0.555377913437	0.581098521217	0.588796066558	0.590493163256	0.587673857824	0.721901396211	0.547023465948	0.600233512385	0.612802208262	0.584094166465	0.590700227949	0.652113604828	0.619995237936	0.58884842607	0.641409268109	0.604869943113	0.694365256214	0.607005261641	0.711648255758	0.583870478775	0.598872236067	0.61820044142	0.551515280653	0.603364702111	0.586047897104	0.590188579112	0.597209945244	0.732955012994	0.613305889059	0.596687468583	0.603700721174	0.580906605995	0.576948119123	0.878102395052	0.596998974194	0.717771418957	0.727882079398	0.546236152645	0.585890029518
GC17	0.609794578445	0.606117907248	0.63086181281	0.599482681093	0.604067783851	0.580637114941	0.586677673067	0.628285196565	0.76223775978	0.76277106375	0.669671918011	0.659459498331	0.590133359061	0.676851866804	0.615569171005	0.61752843875	0.593572264424	0.0	0.669935383915	0.657028587718	0.623749396415	0.571858825867	0.639264634973	0.594033124185	0.639572618111	0.625590424897	0.764578110046	0.630247693361	0.658078790923	0.609191803539	0.612613062761	0.56662782963	0.619145565622	0.615584146812	0.615625653077	0.668973681173	0.639358875545	0.591946353739	0.569618222698	0.622650623078	0.602527083245	0.761340799463	0.627899554916	0.601671769669	0.597418363121	0.646158579962	0.671377760358	0.64319591142	0.638443365669	0.657971992945	0.61072645106	0.583541443438	0.742677672925	0.601126826335	0.762362545085	0.579978215614	0.596666194515	0.638081689654	0.578801277848	0.613106332161	0.578262438014	0.594665744373	0.625196102774	0.772950396272	0.634044937522	0.625210409473	0.602917632004	0.56180918453	0.59239809128	0.831395428326	0.598228253406	0.675888021905	0.776677243656	0.592990511128	0.631839019682
GC85	0.657576699303	0.638248416287	0.633708860846	0.628442676124	0.638690982911	0.664614378039	0.669957381597	0.642142366474	0.690994852135	0.713412571002	0.647616094043	0.614778004547	0.665551978818	0.590742075711	0.637871869314	0.670045872779	0.616443800564	0.669935383915	0.0	0.658299578438	0.640194099187	0.664366487825	0.610403300976	0.638499870679	0.626549118904	0.658469673222	0.671123888979	0.652723386905	0.610326254239	0.624636031602	0.650275129275	0.64485098331	0.658933694664	0.666524999692	0.650554633967	0.742258792464	0.597143000639	0.625051335952	0.637692437639	0.636384440937	0.64761388594	0.682467926288	0.639908791428	0.64949461695	0.666636791173	0.605830332436	0.598775485392	0.692401035943	0.618550843105	0.67898115556	0.70112645094	0.667121211412	0.67022789877	0.661567335393	0.679978609985	0.657388972471	0.665316559089	0.617737090626	0.634462155775	0.665146454305	0.688170109854	0.65445091694	0.650520305138	0.682934183597	0.642740286719	0.677424212486	0.649686577111	0.628468452354	0.661078365381	0.896998193783	0.632073178253	0.767591417857	0.700047537506	0.648101744063	0.590075388914
GC13	0.640633117017	0.628467764213	0.650217294923	0.616589835865	0.624861425205	0.631735636906	0.63901215629	0.634611168276	0.734488195938	0.762208224896	0.662951175659	0.644854263092	0.659311324438	0.655372438705	0.646588028112	0.637340297797	0.635554421935	0.657028587718	0.658299578438	0.0	0.65618884419	0.637502962176	0.658802147825	0.635017898374	0.627305398292	0.622784650495	0.73969441561	0.652809789423	0.661780882656	0.621597977358	0.621680819988	0.6222041177	0.675151187652	0.643027392161	0.632311384818	0.678260327622	0.650856387758	0.61582283803	0.638370514929	0.647872411975	0.628316487959	0.740826164692	0.621600886152	0.595411809766	0.657683972126	0.66141285444	0.675377226461	0.660819091614	0.644273280507	0.654296772125	0.666040213776	0.610069721799	0.747613484646	0.623794125054	0.7561404919	0.638392444193	0.641270739342	0.671792355926	0.639818968456	0.64352620915	0.620442449672	0.627709172999	0.655042743661	0.763580225921	0.656563051121	0.65309468763	0.635900746856	0.645466200902	0.64479863682	0.844406711713	0.630596487452	0.718859484553	0.75366822705	0.613901555616	0.624695331184
GC51	0.609349436268	0.578754138787	0.620454186459	0.575048491366	0.598923716358	0.60588391833	0.593780584196	0.629414326245	0.740874487306	0.758297353395	0.643220060341	0.612921913189	0.619073643474	0.645419927542	0.608285901414	0.616417580293	0.54846042503	0.623749396415	0.640194099187	0.65618884419	0.0	0.579413805042	0.608560150895	0.574364341593	0.602059135368	0.594086704214	0.733994210989	0.660724353328	0.591881518096	0.589963345393	0.619279577424	0.596570581365	0.6217953141	0.621192339021	0.590398624916	0.714944587207	0.583486547769	0.596575386299	0.604535355741	0.620370600226	0.591633429325	0.752412455527	0.611386923699	0.623235739152	0.634558015978	0.610307685879	0.618864402526	0.653721816073	0.609799782199	0.607354721125	0.651854259571	0.619917895002	0.730747826249	0.639411712182	0.743318726577	0.615213214342	0.606297522367	0.652159736042	0.576890034796	0.607423329907	0.618531421214	0.62554757144	0.600248853768	0.744368934194	0.600851541719	0.586883827393	0.580540826947	0.587190231748	0.571698241717	0.86828290839	0.589278603762	0.718106564498	0.767298961319	0.557238100042	0.597441526581
GC49	0.599229541769	0.598898586414	0.625627134674	0.594072871506	0.579725159534	0.586796332875	0.562339745381	0.63727993777	0.757110776683	0.759053705753	0.662430131151	0.633836342771	0.575913344699	0.649290631397	0.604319657306	0.593001390526	0.595302121839	0.571858825867	0.664366487825	0.637502962176	0.579413805042	0.0	0.614470445226	0.585277528032	0.62338650258	0.583470341651	0.750772151545	0.676209390655	0.633320907731	0.616482570996	0.590706076115	0.562746851968	0.572545758724	0.602871567184	0.603903200308	0.672169256746	0.622918256677	0.592402507033	0.574318764936	0.612377047441	0.591784258302	0.765738249214	0.595978830229	0.556082091806	0.599126530476	0.638007042353	0.656121852147	0.651162951357	0.622030526013	0.60227533954	0.627253894533	0.604214018475	0.735863977641	0.599477099615	0.76880821847	0.596242568803	0.614708655447	0.656977509638	0.58074983269	0.621896570502	0.588772337867	0.612032753291	0.628665236161	0.765804861573	0.619663386861	0.595987817532	0.575486366086	0.570037287308	0.585025863515	0.840275720125	0.588069948939	0.703138499126	0.779282150286	0.587900459092	0.606795988246
GC2	0.63944781133	0.600457644814	0.611377396305	0.597261244362	0.619811793314	0.628582717454	0.654074797558	0.613215698599	0.709907148233	0.72443594321	0.617466895047	0.602015067803	0.674724040745	0.610870926093	0.642755782507	0.655304904443	0.585643770405	0.639264634973	0.610403300976	0.658802147825	0.608560150895	0.614470445226	0.0	0.61093826382	0.567780977498	0.652802530537	0.689790086786	0.690452725541	0.577080464434	0.623958775874	0.593287627052	0.627856645142	0.624097733896	0.639345428861	0.644614430386	0.722694929521	0.577007712936	0.617151082115	0.644219866885	0.627703658359	0.645877975151	0.705068749668	0.585840596715	0.640578242334	0.643827456952	0.595545279821	0.577867176427	0.656307800904	0.600415791089	0.649995892993	0.670727837058	0.648441985595	0.691914273187	0.666401152082	0.711175943467	0.642811423406	0.610921289758	0.603119012756	0.630004700534	0.658517430825	0.669821222894	0.616893539614	0.645756086843	0.709866367296	0.623573697239	0.642376541477	0.616027427783	0.613622064658	0.615232852747	0.8831584892	0.614775712477	0.74026592994	0.712286480881	0.619804259001	0.6204610514
GC34	0.592859994868	0.576402424482	0.60353160576	0.592174034359	0.601685533326	0.582594131389	0.594317657854	0.63408916329	0.754275753202	0.769197799533	0.642851184475	0.636578782416	0.627512638076	0.641586596979	0.585380942805	0.586123896326	0.557844972985	0.594033124185	0.638499870679	0.635017898374	0.574364341593	0.585277528032	0.61093826382	0.0	0.599890680107	0.619556353421	0.757318683348	0.672015946947	0.614401929035	0.616799271827	0.611011528416	0.605570871132	0.614444937824	0.600204385251	0.600285354446	0.704089478217	0.624280585334	0.592194945873	0.582234125492	0.604445167161	0.608550821344	0.740276307126	0.590292350434	0.598402206546	0.63118487397	0.604978815174	0.647017667556	0.671648870763	0.639633433072	0.61378868983	0.619807043719	0.592254180966	0.740598499984	0.619129067987	0.739736699189	0.57940762922	0.603120218707	0.642579466788	0.592662406615	0.581644078557	0.605069673713	0.62036790701	0.617489559594	0.761119859305	0.618365675056	0.597408006842	0.585978714953	0.602026107582	0.571720587701	0.866686536629	0.574770571681	0.717245148772	0.771941271106	0.566489090187	0.605515581139
GC94	0.64163796709	0.594446468347	0.610224535038	0.600728713591	0.618398992594	0.604716127294	0.638230381061	0.606993248773	0.729549840749	0.740680155392	0.633609001452	0.636305399268	0.653049557329	0.62337904534	0.610781194392	0.641686652601	0.58085236711	0.639572618111	0.626549118904	0.627305398292	0.602059135368	0.62338650258	0.567780977498	0.599890680107	0.0	0.633039679036	0.727985759591	0.679124860076	0.587366358848	0.610960159436	0.594531171141	0.624666343151	0.606053211865	0.646299171674	0.62358649364	0.724582252206	0.609842152625	0.612805825159	0.649229106637	0.606337707071	0.631546356683	0.726882094709	0.572860377223	0.613651882236	0.631941549821	0.594335187525	0.592993302421	0.662020469021	0.617536817748	0.635522216613	0.686369356158	0.62764826684	0.71091138142	0.617529119772	0.720966485047	0.622886633374	0.618193639591	0.622795220503	0.603359383124	0.636431393149	0.646467084619	0.613354208818	0.620712925251	0.727942018352	0.6039714554	0.611513259494	0.608327757851	0.645045073044	0.614716333276	0.88049313876	0.625847364708	0.732417855472	0.739285221686	0.599421999249	0.609372041639
GC90	0.612935097119	0.600399202333	0.602722130828	0.573382710359	0.583008104758	0.594340487332	0.594723163162	0.640808867684	0.752582370638	0.770698086208	0.672192001363	0.634941491373	0.567632063332	0.6363554162	0.604169374353	0.611479542326	0.60290586692	0.625590424897	0.658469673222	0.622784650495	0.594086704214	0.583470341651	0.652802530537	0.619556353421	0.633039679036	0.0	0.765985428064	0.688510251509	0.636318784227	0.594362261766	0.6357478552	0.615765008407	0.608142290738	0.568102261301	0.597776055892	0.695821935746	0.593553075906	0.583733966488	0.597320019474	0.626688921531	0.58200219127	0.768320164664	0.60332371254	0.566237337748	0.602959815413	0.6400349175	0.657196082349	0.646990433634	0.606522308914	0.591202394034	0.641376190748	0.595597353588	0.726730153876	0.607143934688	0.765279302094	0.606551530806	0.627113347357	0.679087195239	0.571521375764	0.58388414286	0.59315195903	0.617638529095	0.611482611396	0.762262221982	0.586233970818	0.58904796567	0.596656958827	0.589048242593	0.606769785817	0.85957478945	0.579460474659	0.729194506087	0.77084521992	0.597222211141	0.605125431806
GC103	0.759918878371	0.748581260268	0.737354180583	0.763613410058	0.744196451702	0.757096721857	0.78552618683	0.759731245913	0.572676123485	0.626434267923	0.727464582154	0.691863581317	0.781345338276	0.688382169822	0.74452031582	0.79124437272	0.725865325615	0.764578110046	0.671123888979	0.73969441561	0.733994210989	0.750772151545	0.689790086786	0.757318683348	0.727985759591	0.765985428064	0.0	0.723162072729	0.721060882558	0.70270867872	0.715861365766	0.758559854494	0.741222726845	0.768664172257	0.724951527702	0.811529756046	0.724693552644	0.726445571675	0.766911832845	0.763306682662	0.752100634009	0.588725776127	0.705291398289	0.763786439377	0.77392116117	0.696995696013	0.67518157738	0.766282876161	0.731096613677	0.738963726446	0.802673603938	0.772599442822	0.598474813731	0.750604905782	0.613146982769	0.750586770424	0.744416044518	0.687861592151	0.771226498656	0.772867716369	0.776100210248	0.74953305933	0.745476031896	0.578947449312	0.721992290137	0.752940636442	0.775827026127	0.739168170961	0.765027592543	0.929824605218	0.741238510501	0.82458420231	0.574540640075	0.756580392865	0.715969449418
GC75	0.671190345318	0.655857369576	0.690821522214	0.660626130512	0.693424556798	0.671177237797	0.669693972873	0.658046220008	0.711630148975	0.736572002936	0.667515228133	0.677768076096	0.710918777852	0.688065196827	0.713487214917	0.672167629701	0.666536831084	0.630247693361	0.652723386905	0.652809789423	0.660724353328	0.676209390655	0.690452725541	0.672015946947	0.679124860076	0.688510251509	0.723162072729	0.0	0.683174967708	0.682411433371	0.668251564081	0.661449432401	0.687393419941	0.676607906991	0.678276452435	0.70062525098	0.673588173032	0.65911305936	0.665531988281	0.686436271306	0.66543122077	0.704493462184	0.654460891062	0.674607499654	0.684668669555	0.649807803618	0.672370161093	0.685548813745	0.688946021197	0.698101529151	0.702743983818	0.672309362134	0.701088821239	0.694140075177	0.733998671724	0.649041167721	0.668510451706	0.657575250065	0.656874684255	0.709710489248	0.687593431611	0.699289402159	0.676250891573	0.718979111503	0.679869151665	0.68990532814	0.690929630252	0.651705475142	0.695246883533	0.835204247701	0.687307755681	0.717520291319	0.719377103496	0.658790224064	0.660447756458
GC56	0.62175726084	0.589824375881	0.601987525211	0.58231833471	0.610970849769	0.650450413064	0.645690541231	0.624459414709	0.716283115367	0.743146187587	0.62612593662	0.611520667601	0.652267603592	0.625841132044	0.62578116263	0.644935026777	0.581930763167	0.658078790923	0.610326254239	0.661780882656	0.591881518096	0.633320907731	0.577080464434	0.614401929035	0.587366358848	0.636318784227	0.721060882558	0.683174967708	0.0	0.620821450978	0.631991594713	0.636375831429	0.590825944796	0.631221251887	0.6449721494	0.721586797687	0.607275191212	0.602935645403	0.652144311167	0.642635670548	0.636716561047	0.712862416325	0.601935531704	0.632531224812	0.634309858682	0.585926789052	0.598558502333	0.672737163443	0.60170915723	0.635052320115	0.67532689378	0.635087541383	0.714817388624	0.66918013866	0.729149760594	0.631297679421	0.62881151706	0.626838967842	0.60417290335	0.628886663872	0.650050506243	0.605775569732	0.614371229587	0.730556985663	0.624659503856	0.634117104566	0.63639738215	0.620692895207	0.595909914574	0.877387394074	0.59559535346	0.741032259445	0.730643305255	0.612613161066	0.605127345478
GC7	0.603882767824	0.594721373471	0.611107780707	0.577410224008	0.613149274748	0.626637643583	0.607035489098	0.634275828446	0.705278880131	0.731675179066	0.658845674152	0.606159167602	0.593616319324	0.620075404415	0.56816699924	0.61982091269	0.58024112453	0.609191803539	0.624636031602	0.621597977358	0.589963345393	0.616482570996	0.623958775874	0.616799271827	0.610960159436	0.594362261766	0.70270867872	0.682411433371	0.620821450978	0.0	0.609053541918	0.62143320686	0.643809199885	0.613420799693	0.604390694066	0.737509474401	0.604996443041	0.569056536581	0.584870296817	0.610286469955	0.6202960497	0.717877359998	0.587131941517	0.602608537821	0.643915484492	0.615101585218	0.636620525522	0.662686944203	0.604225268898	0.620847462914	0.662141574463	0.599202979555	0.696430822923	0.598672048206	0.719965095118	0.633761177693	0.636051154525	0.648449649266	0.579093168378	0.56746556597	0.605140896378	0.610416163179	0.619822511553	0.716102572342	0.618524476014	0.640252275486	0.608509160682	0.603174295936	0.581548567502	0.883402390176	0.580365204222	0.735451501642	0.725504749441	0.565083330303	0.601911411711
GC19	0.610461337237	0.590583879415	0.619716792278	0.606096127608	0.608584984888	0.600861481579	0.650397051644	0.620213333976	0.729648691044	0.737870112529	0.621628835581	0.595835785267	0.640802962901	0.614409030261	0.62003670436	0.639958618885	0.593180856759	0.612613062761	0.650275129275	0.621680819988	0.619279577424	0.590706076115	0.593287627052	0.611011528416	0.594531171141	0.6357478552	0.715861365766	0.668251564081	0.631991594713	0.609053541918	0.0	0.609947143943	0.596076627742	0.633439975271	0.613038217968	0.696134481412	0.615915561636	0.592096530744	0.605628466959	0.600703918958	0.611920207632	0.720288356478	0.598872703326	0.58346510304	0.625034257338	0.588948717044	0.59583370303	0.60274053172	0.626154233184	0.607169580907	0.676505995947	0.614493400635	0.727140651153	0.629682377387	0.735451073354	0.61215808247	0.588877708133	0.612553580965	0.623864246776	0.635715045606	0.62889961749	0.611836953353	0.619418331452	0.740439489653	0.616269817567	0.608478343317	0.596197926274	0.583468755885	0.61239738842	0.845783149241	0.615334254287	0.685461203199	0.744301294429	0.579860443353	0.62220701226
GC27	0.581907588	0.621531416641	0.632151671499	0.606506392146	0.587594278832	0.58473095659	0.566461411336	0.641804295233	0.775726686619	0.787627480076	0.639134562455	0.627658655646	0.616940745349	0.650262548907	0.632815588151	0.619558385278	0.597927901347	0.56662782963	0.64485098331	0.6222041177	0.596570581365	0.562746851968	0.627856645142	0.605570871132	0.624666343151	0.615765008407	0.758559854494	0.661449432401	0.636375831429	0.62143320686	0.609947143943	0.0	0.606412112754	0.612438355849	0.618111076153	0.671942475081	0.616099555584	0.62448716575	0.59567596461	0.615122496919	0.604113640098	0.765175099968	0.620537683896	0.596526494064	0.625167894146	0.657915512366	0.652988400946	0.625194835427	0.626448183167	0.646013043097	0.614584394856	0.630774699063	0.753787794541	0.647939168084	0.763340050162	0.592284208446	0.604565656733	0.633561176602	0.573777741465	0.622484872812	0.604495888244	0.602097416446	0.620459303075	0.7775473329	0.62752725183	0.626266205249	0.576486665491	0.565339739542	0.609655614106	0.84230302742	0.595768376852	0.709257917668	0.788171301504	0.597306022437	0.605441935012
GC93	0.601121444757	0.621631632607	0.626897374304	0.624116249608	0.569754263859	0.618685448873	0.592349850211	0.62494267107	0.751345778303	0.746191260927	0.655863844472	0.628343601114	0.603491702621	0.674485529592	0.600966717637	0.609767692901	0.593391414255	0.619145565622	0.658933694664	0.675151187652	0.6217953141	0.572545758724	0.624097733896	0.614444937824	0.606053211865	0.608142290738	0.741222726845	0.687393419941	0.590825944796	0.643809199885	0.596076627742	0.606412112754	0.0	0.630643351634	0.597872795552	0.700303350783	0.586340347116	0.616506465825	0.610977984816	0.612901871709	0.630735255427	0.75152050783	0.588215521664	0.614410328964	0.568113610218	0.638996909977	0.612769761433	0.642339320808	0.632980080726	0.61822295481	0.645026382873	0.633855078794	0.730648754095	0.604019371229	0.750823724413	0.611125056036	0.613057786023	0.635424344745	0.583927070719	0.63115036331	0.610785165218	0.550636473485	0.624613357623	0.748760090967	0.607093461086	0.600925261596	0.601715432492	0.585192990614	0.605223881549	0.871668398203	0.609714230907	0.741063442742	0.765212204265	0.589871357702	0.633431960927
GC87	0.600935673603	0.620252744657	0.643305408516	0.612196531514	0.578905110676	0.623785723603	0.615178761274	0.651685967635	0.777234465445	0.805819893811	0.648593069207	0.65282622527	0.580148001213	0.664477522197	0.617759089871	0.600210245433	0.5988007827	0.615584146812	0.666524999692	0.643027392161	0.621192339021	0.602871567184	0.639345428861	0.600204385251	0.646299171674	0.568102261301	0.768664172257	0.676607906991	0.631221251887	0.613420799693	0.633439975271	0.612438355849	0.630643351634	0.0	0.614710006624	0.69645084735	0.63304697714	0.628780897099	0.599653407732	0.648686202904	0.613529284143	0.778330526978	0.583251954819	0.62090965448	0.646450713172	0.642641703866	0.677796289061	0.673401306816	0.630501875158	0.613518364675	0.620824725665	0.595350309662	0.768154329898	0.603883497213	0.785022750797	0.596038406668	0.651214663291	0.682487777888	0.585911765145	0.58850140098	0.634848308219	0.625460042489	0.599477373939	0.784540003353	0.592930165826	0.596858995953	0.597528479741	0.5951641228	0.605843235804	0.855373188701	0.592033788249	0.735147846625	0.780097845169	0.611132700347	0.651438348126
GC28	0.597815564331	0.626439206393	0.645272103644	0.602809127932	0.593812192425	0.595742647818	0.611097989968	0.635840066201	0.7333888952	0.743271341333	0.668819982974	0.637560080683	0.600556333198	0.627099243101	0.61031439075	0.59168290837	0.585171747161	0.615625653077	0.650554633967	0.632311384818	0.590398624916	0.603903200308	0.644614430386	0.600285354446	0.62358649364	0.597776055892	0.724951527702	0.678276452435	0.6449721494	0.604390694066	0.613038217968	0.618111076153	0.597872795552	0.614710006624	0.0	0.718443149844	0.62577414311	0.5846632932	0.59795176164	0.606794491933	0.594504102168	0.735131461157	0.603788367541	0.573990891896	0.626944513365	0.626805380643	0.644174203968	0.680649048535	0.637173158624	0.601132624707	0.656635303276	0.602122138965	0.712222693517	0.613862801223	0.737084395094	0.598906643637	0.613566787358	0.644154262496	0.602938344672	0.576390183378	0.610674215137	0.614166792917	0.627180646794	0.738452129233	0.605817342083	0.601753529391	0.592641864621	0.599898199783	0.603088185137	0.879650988251	0.600899590454	0.721437364186	0.745501187879	0.581362412931	0.617053999673
