	GC11	GC76	GC55	GC5	GC36	GC62	GC48	GC88	GC105	GC104	GC9	GC16	GC53	GC91	GC29	GC98	GC45	GC17	GC85	GC13	GC51	GC49	GC2	GC34	GC94	GC90	GC103	GC75	GC56	GC7	GC19	GC27	GC93	GC87	GC28	GC46	GC14	GC44	GC73	GC97	GC39	GC102	GC31	GC42	GC24	GC83	GC84	GC57	GC12	GC20	GC89	GC71	GC109	GC4	GC107	GC21	GC38	GC64	GC3	GC6	GC22	GC43	GC1	GC110	GC72	GC58	GC26	GC100	GC35	GC183R	GC54	GC70	GC106	GC77	GC82
GC11	0.0	0.186673291427	0.255934066995	0.206166645433	0.262047324194	0.213900324399	0.193411166919	0.261440236247	0.423985169029	0.418188650857	0.341185231855	0.249095622412	0.1981133863	0.308462377006	0.22356388704	0.216686174481	0.22976088436	0.19424966194	0.276642227771	0.212637231237	0.216467520675	0.215324639839	0.302575381544	0.227578922333	0.275597306566	0.225263276166	0.372303787471	0.264452459981	0.229727459614	0.227736943483	0.240837162258	0.236846188529	0.273813447601	0.212539017578	0.170921029155	0.366062927464	0.284816731894	0.197060901763	0.193464419137	0.234629756412	0.136351353631	0.375237172799	0.243087340273	0.214768326613	0.204232118469	0.233180553434	0.342160407688	0.310075986107	0.219583492488	0.241269826543	0.248484721827	0.220622056125	0.411285784061	0.243594184677	0.388896895749	0.275631042557	0.270080127903	0.283328006481	0.191037641294	0.214438204054	0.219952863611	0.161002729887	0.254387076613	0.361867244691	0.217462587042	0.224086292914	0.203121634301	0.209792513778	0.214359887299	0.455581050968	0.177714418437	0.308448751613	0.390665635305	0.186678193895	0.309091758592
GC76	0.186673291427	0.0	0.192765995442	0.125007804632	0.224750708499	0.169757579923	0.197292644154	0.225565463504	0.393895475297	0.387118280995	0.301036383911	0.198016404769	0.144380296819	0.265091243381	0.169453948614	0.122082934951	0.19178025027	0.14318113352	0.226122116051	0.116557277321	0.153605927979	0.152777670916	0.26272931884	0.173534220316	0.235292974707	0.122295844981	0.33851498242	0.294891937689	0.219859495191	0.160106787513	0.196321983172	0.196418707432	0.240894604333	0.147910216656	0.158302254105	0.473429839477	0.248997446522	0.163701428446	0.167203256156	0.170744867123	0.157612420476	0.348174565466	0.212001416333	0.112967553907	0.241086199553	0.299768146968	0.302919205514	0.286520097413	0.168378277802	0.194628872202	0.21132470891	0.119781364266	0.38478413455	0.189265693847	0.360922633591	0.21241864642	0.231368281672	0.247824534545	0.141317194689	0.134019497134	0.191604768656	0.177197280653	0.202949037638	0.331821853112	0.134874966058	0.193463281859	0.233183393017	0.140992061444	0.143739217993	0.464054301249	0.215111770687	0.319117842296	0.363456846837	0.105369429071	0.267429402816
GC55	0.255934066995	0.192765995442	0.0	0.204551913725	0.210955805541	0.194233020825	0.187991742358	0.236393404016	0.359290839105	0.357656723828	0.311785301067	0.167944232111	0.175669274431	0.227205556477	0.185134745506	0.21923021856	0.156233506662	0.194646644534	0.185601363335	0.203777151294	0.16086794455	0.19076772303	0.267757499537	0.181320039842	0.210763236941	0.189356050294	0.310479346362	0.279139144946	0.216424829292	0.181289604275	0.20557828013	0.201599115028	0.255146051819	0.178183560606	0.19794498484	0.534856338124	0.183604589649	0.166358007682	0.203841728774	0.170962086793	0.226647922528	0.317661381855	0.193985944341	0.203270624892	0.266094147882	0.29054395869	0.253314217231	0.302543607971	0.190274548586	0.190296685839	0.24453701988	0.198223566302	0.35005063805	0.20077878671	0.328815430736	0.173944424656	0.252716356104	0.258556510858	0.222296244589	0.199878944283	0.209242837723	0.193410721145	0.225330962331	0.309552173503	0.175409485214	0.196447705628	0.274104740097	0.193264874793	0.188686010039	0.474765182078	0.242797708531	0.324964020952	0.327307967532	0.186139114214	0.182192163317
GC5	0.206166645433	0.125007804632	0.204551913725	0.0	0.215347459959	0.197229535656	0.175769035637	0.208114201584	0.378793231951	0.369613248921	0.290980491024	0.181131532911	0.145119017659	0.257254667044	0.147328437346	0.156106677758	0.183679541477	0.162849185197	0.190138883296	0.151884439571	0.161125789948	0.184725346012	0.238909488878	0.20675830831	0.207023366124	0.131062150289	0.32135435187	0.261763562571	0.168121775176	0.151764103139	0.227478045051	0.234307068132	0.246164620395	0.161250424983	0.144045828323	0.461665924575	0.230969026382	0.154031256521	0.190441775456	0.186820718596	0.147746133641	0.325905002477	0.184655422583	0.126889824233	0.258499288061	0.273761502093	0.279171261063	0.29341096841	0.122425048114	0.19728305521	0.251727088361	0.136820574377	0.363443569566	0.182677461738	0.340779877712	0.22760252855	0.24138480409	0.260968597547	0.105339130838	0.110651005676	0.167367649718	0.187842442734	0.164453378067	0.317604389597	0.132202593996	0.208236285325	0.218678960015	0.173326369467	0.129846430743	0.479561356524	0.198210382189	0.335370590675	0.344786967962	0.118420654397	0.249544942444
GC36	0.262047324194	0.224750708499	0.210955805541	0.215347459959	0.0	0.130831181162	0.169063461117	0.157110077842	0.368822882222	0.362307040402	0.210853651532	0.193250577754	0.205362808267	0.188771549744	0.212840580365	0.251533048475	0.137015185389	0.201402577217	0.22047469709	0.211883309525	0.153095073925	0.15208902	0.14810624524	0.142121305025	0.152612323651	0.236830407639	0.31607010008	0.283440785423	0.187505575869	0.221108428902	0.14992141	0.124879762041	0.119649519353	0.19227583036	0.201469827896	0.522167815195	0.184368880475	0.18331754517	0.18861499045	0.194501114918	0.237971324569	0.327232420402	0.118279024082	0.18723113	0.152591404785	0.262158040487	0.218390043744	0.184381231498	0.20134125533	0.107614812155	0.166121061565	0.201320477571	0.358925705528	0.12462053	0.334826321407	0.200170112113	0.13675726	0.186611711174	0.233784336327	0.229899382783	0.195376794343	0.176211391871	0.197259436613	0.308730522044	0.182046365462	0.125533834056	0.191952845427	0.191599586774	0.171037334673	0.479953	0.182516754634	0.31879554	0.337162760606	0.181111150061	0.22150741404
GC62	0.213900324399	0.169757579923	0.194233020825	0.197229535656	0.130831181162	0.0	0.157887501002	0.151071813565	0.389120786361	0.382684602283	0.21926070316	0.180458576951	0.176798742642	0.204138209085	0.196381265716	0.208003042865	0.131727248622	0.131851609415	0.217288335298	0.162083143689	0.137698372576	0.106280837275	0.17967699788	0.119714713961	0.155523098205	0.213620363968	0.334235608358	0.280623072553	0.190727944435	0.208086964876	0.122107944429	0.113949961249	0.155204455493	0.162596467797	0.186406252505	0.503462829473	0.193944783468	0.16766496994	0.136969829178	0.174103695875	0.210967871916	0.343085626036	0.128476504621	0.163514412685	0.165931590518	0.257429372477	0.237616809679	0.191207237735	0.175445241763	0.105150696674	0.137680331606	0.185330392404	0.375609718865	0.119845509559	0.354600685159	0.179072722401	0.134912366733	0.172821603105	0.219604172549	0.22038133637	0.176343970398	0.14928305831	0.17270341247	0.331138246493	0.169345654301	0.109491491678	0.177682980907	0.141262054108	0.153880272535	0.460288723206	0.157581212954	0.291855673507	0.355722305642	0.148047156583	0.229895956212
GC48	0.193411166919	0.197292644154	0.187991742358	0.175769035637	0.169063461117	0.157887501002	0.0	0.195669138014	0.365020251961	0.36472173934	0.281466279792	0.198418816797	0.1342173976	0.258204543069	0.14843111636	0.21137256599	0.142489071987	0.162639861557	0.220546063512	0.191998237311	0.127436147689	0.154769937665	0.237302578597	0.181083631355	0.196263443941	0.213249576556	0.325837830894	0.224941453271	0.156289121266	0.175370094898	0.191423123706	0.189037300995	0.207084825107	0.166580814901	0.125474121654	0.465339977846	0.229740661302	0.127080728248	0.133647668826	0.13895007712	0.177575857868	0.325908576282	0.139055928053	0.161366499645	0.181175864321	0.259515589728	0.277460435803	0.253490489807	0.173804467005	0.164048311669	0.207413822452	0.168421910849	0.358799846899	0.149795056802	0.339305886131	0.21941782775	0.206764897563	0.240709376405	0.169331082358	0.176223753499	0.113143216737	0.106779770777	0.176782200446	0.321292255679	0.161256661641	0.145641453989	0.177252449506	0.177665429702	0.14188761758	0.43586716	0.151023756675	0.275712367411	0.340163219094	0.157509835072	0.250129134306
GC88	0.261440236247	0.225565463504	0.236393404016	0.208114201584	0.157110077842	0.151071813565	0.195669138014	0.0	0.369437130999	0.361765426063	0.186573076354	0.173252303448	0.221469583433	0.166196682019	0.224293335683	0.276300920687	0.168596107701	0.191599368092	0.205086458331	0.22209035919	0.180447196579	0.187934394357	0.171239975288	0.17852188804	0.172520186196	0.246286525475	0.30572109843	0.254169060055	0.180631460797	0.243044811262	0.151208724357	0.176563957575	0.170904064135	0.222856978401	0.209649232386	0.498320482921	0.169548445707	0.187266643973	0.208154394633	0.21842287727	0.229961974988	0.317875038064	0.148970948599	0.200103216224	0.205491863409	0.219981642771	0.213087455031	0.162639086969	0.18044115815	0.145529115172	0.215006272209	0.223526057797	0.357829175077	0.171780091411	0.337458513115	0.214389480583	0.162325370705	0.15079526299	0.233634324964	0.233075442309	0.207574387447	0.203457383492	0.176088972192	0.304336922995	0.188397830825	0.177768368411	0.194677194155	0.19326392717	0.18038304311	0.466573343817	0.176887680059	0.304319532033	0.335125275053	0.198786202407	0.224640334211
GC105	0.423985169029	0.393895475297	0.359290839105	0.378793231951	0.368822882222	0.389120786361	0.365020251961	0.369437130999	0.0	0.149573602077	0.397081356	0.351030015449	0.356053569065	0.36669803108	0.329373500236	0.405698414955	0.357812509237	0.387181397397	0.329807250649	0.379732781608	0.358392891854	0.390427628687	0.370415376517	0.389923189483	0.367349323396	0.405799561907	0.185988258979	0.318832059248	0.361901968622	0.323896817358	0.36750139202	0.408259058235	0.3937705735	0.383034979496	0.37554305089	0.589000495222	0.379964036902	0.32955025625	0.395009201201	0.327258648369	0.407496446495	0.19282756987	0.353173878066	0.381514070202	0.433157188643	0.407297271211	0.376866035327	0.415947584938	0.360307841255	0.37174074397	0.429447158141	0.384843911463	0.150610778539	0.382092360101	0.163224193391	0.416399977755	0.406317427879	0.356781930949	0.388889838796	0.366143240442	0.36319533463	0.38497661165	0.383463277085	0.194236510556	0.347919068091	0.391906113606	0.423081356682	0.376006631971	0.37300593848	0.507350860202	0.403221280857	0.414929926869	0.156594121212	0.379324845634	0.393456976764
GC104	0.418188650857	0.387118280995	0.357656723828	0.369613248921	0.362307040402	0.382684602283	0.36472173934	0.361765426063	0.149573602077	0.0	0.39064187283	0.345972317466	0.34793252772	0.364754776092	0.318947493337	0.39785436641	0.354342928962	0.376264381796	0.326218737949	0.376410976364	0.355152151984	0.384370927284	0.364459277038	0.387770439329	0.365505842234	0.401760949409	0.195466488046	0.302171597616	0.363031911183	0.319976442998	0.356419241751	0.401619650618	0.385261394484	0.379961438362	0.370925709568	0.580911646747	0.372989381563	0.324501088253	0.389341806062	0.319734660628	0.400178387697	0.184215891439	0.346376667289	0.376221377606	0.425933176809	0.404087269969	0.376919071128	0.405667849873	0.353668261518	0.365758439668	0.426240265918	0.377858575461	0.125526088764	0.377369391046	0.151720944855	0.413333984504	0.398341810342	0.351407892436	0.381269620006	0.358919990734	0.360729374734	0.381008591549	0.378535656885	0.193895423463	0.340883408342	0.387004090547	0.41777434364	0.370002511845	0.370641825233	0.469910637746	0.400601385631	0.385303293159	0.154052410768	0.37314139514	0.389536079291
GC9	0.341185231855	0.301036383911	0.311785301067	0.290980491024	0.210853651532	0.21926070316	0.281466279792	0.186573076354	0.397081356	0.39064187283	0.0	0.248082873933	0.313663918756	0.197172837686	0.314544491367	0.360558373599	0.238157957682	0.279227641967	0.267190070606	0.285108394935	0.265372358861	0.252813853468	0.172777995678	0.238428333472	0.20645657759	0.310949074874	0.322838933443	0.315292337133	0.246320752904	0.326924928908	0.216867336694	0.227778097474	0.182926156991	0.299398734666	0.299776785325	0.523766351604	0.215070401801	0.287082755693	0.29214771133	0.300911694375	0.326453528031	0.338130383358	0.218753178777	0.278478332984	0.230952917928	0.240471516984	0.220829307542	0.123005031466	0.260133456802	0.207534450779	0.243761613722	0.308778939247	0.379944311467	0.2328402975	0.360051447793	0.26711896047	0.174529298952	0.175920860038	0.322468101012	0.332250231562	0.278153864345	0.285070254247	0.233673800403	0.328831026105	0.267907067423	0.245507518906	0.234189865446	0.267655517466	0.265452139599	0.50971901121	0.232419987297	0.363894527177	0.355068144978	0.280374591146	0.270071465612
GC16	0.249095622412	0.198016404769	0.167944232111	0.181131532911	0.193250577754	0.180458576951	0.198418816797	0.173252303448	0.351030015449	0.345972317466	0.248082873933	0.0	0.213086181515	0.155260853476	0.198549405126	0.246721434469	0.154029089856	0.191271298518	0.125623345342	0.195431663669	0.164133453553	0.188747635401	0.195492808037	0.161798736463	0.165821704776	0.178339516731	0.28129806401	0.279424965764	0.168786408277	0.193557068926	0.178513880802	0.191568309888	0.211489421141	0.201088148873	0.189814868314	0.512078866182	0.151990421803	0.165011212939	0.215164307002	0.206549495266	0.211879289666	0.295856274205	0.167788188203	0.188787620695	0.240038498145	0.222431445325	0.197346081613	0.253634209585	0.148184403268	0.177106168369	0.241671400866	0.212031713092	0.338136210625	0.179106592781	0.314088312418	0.176603069605	0.205969078182	0.211094174078	0.207699000873	0.200583622792	0.212496100108	0.208378019421	0.179879662649	0.284498383334	0.15922899432	0.206803957209	0.212311040067	0.17181733049	0.164401472926	0.511637973797	0.196601081236	0.353242247807	0.309979669638	0.176663043907	0.177471981482
GC53	0.1981133863	0.144380296819	0.175669274431	0.145119017659	0.205362808267	0.176798742642	0.1342173976	0.221469583433	0.356053569065	0.34793252772	0.313663918756	0.213086181515	0.0	0.280544689112	0.107976698295	0.165334756817	0.163646324845	0.136502041464	0.225198817413	0.149464791173	0.133542536801	0.151799958845	0.276252399914	0.189767453193	0.237501283018	0.184402910226	0.326031293048	0.239603977478	0.203109149075	0.124762317162	0.200087866798	0.202488318063	0.241659647828	0.119172728811	0.144617563303	0.483802057011	0.256680258563	0.125896743467	0.145076136319	0.112700739636	0.164176232258	0.319776536543	0.17343727826	0.141938512958	0.239296655592	0.307057819771	0.317516843264	0.284120212571	0.1561124625	0.189619059203	0.222278569355	0.136503347423	0.347147006491	0.17695611304	0.325543229817	0.225515478275	0.23455921309	0.254441660011	0.156412624258	0.145988579887	0.130074170373	0.145513780627	0.1941964108	0.320616708737	0.134387655943	0.17061008969	0.230999899752	0.145517210591	0.136070808816	0.419450264762	0.209812323313	0.273393238541	0.329709817936	0.12167062742	0.276589867071
GC91	0.308462377006	0.265091243381	0.227205556477	0.257254667044	0.188771549744	0.204138209085	0.258204543069	0.166196682019	0.36669803108	0.364754776092	0.197172837686	0.155260853476	0.280544689112	0.0	0.273881505695	0.320654895154	0.188580666507	0.255795220082	0.186129777947	0.252488677151	0.22887821551	0.23418512359	0.171159216153	0.186776666873	0.182401613991	0.241577757753	0.290581090667	0.311898915281	0.217174955673	0.26719034534	0.189914864359	0.197181675301	0.196256140147	0.264159489324	0.259510353271	0.529139717533	0.146476369612	0.238757694538	0.267751579795	0.265767152942	0.2855778713	0.308012838191	0.191276965411	0.246808174103	0.224469605914	0.189757037832	0.171287459762	0.193023589879	0.215736349082	0.188721868402	0.235516310696	0.276155368691	0.351643083932	0.216782257179	0.328023616853	0.204299032185	0.191027538462	0.179857932659	0.284161516902	0.275072278329	0.269875499329	0.264709738296	0.226817209822	0.299055104794	0.226350322181	0.235818769323	0.220779123927	0.231308042896	0.22969060652	0.530319855385	0.20731907536	0.372924214872	0.321505473193	0.250038869089	0.20025002189
GC29	0.22356388704	0.169453948614	0.185134745506	0.147328437346	0.212840580365	0.196381265716	0.14843111636	0.224293335683	0.329373500236	0.318947493337	0.314544491367	0.198549405126	0.107976698295	0.273881505695	0.0	0.18457636023	0.177703677117	0.165390636336	0.205692807729	0.178878799656	0.153340843284	0.17435785789	0.27648191453	0.205519006085	0.234968549696	0.182017562245	0.311041459693	0.243309207985	0.210725664573	0.112107635293	0.222973193773	0.235913631597	0.245450567192	0.152467960594	0.148739874943	0.499644200773	0.25668291769	0.125762317434	0.175887858426	0.11112186916	0.179185317964	0.3082677179	0.175124610072	0.161233660345	0.259980775684	0.31088525355	0.316484416956	0.293892036179	0.159252113652	0.205519480857	0.254781344378	0.156905218853	0.320583931707	0.178462734868	0.310129526741	0.225824771267	0.245373357972	0.275647839202	0.165449053897	0.129395049846	0.152337083543	0.174291437367	0.203859954402	0.305824287724	0.145651737518	0.199799646436	0.247853124079	0.169151547232	0.142501894931	0.438995183043	0.218558622792	0.296049550264	0.313141074231	0.144035475719	0.273819421082
GC98	0.216686174481	0.122082934951	0.21923021856	0.156106677758	0.251533048475	0.208003042865	0.21137256599	0.276300920687	0.405698414955	0.39785436641	0.360558373599	0.246721434469	0.165334756817	0.320654895154	0.18457636023	0.0	0.229766943159	0.167786591952	0.258474183524	0.159524411664	0.192222127067	0.168077463729	0.327860795561	0.224195296568	0.282399680699	0.150841138157	0.365978167384	0.313467993769	0.267360885366	0.165996121601	0.229215395424	0.235019883085	0.291456347492	0.146317293481	0.189284707211	0.493879273829	0.304752999882	0.195856734146	0.169649804784	0.187249766255	0.191152866343	0.366719017375	0.243914336735	0.139724048305	0.293213324999	0.353501908026	0.36252602453	0.33581701031	0.209357111352	0.237272110425	0.249640373238	0.127223570559	0.401618684908	0.222326344576	0.371066593306	0.244801750977	0.283753988136	0.308948588486	0.149429307852	0.129674203055	0.217316033503	0.202471332231	0.250594852037	0.346249232533	0.174660941393	0.212762490385	0.285153140959	0.164268515421	0.179896644749	0.455136998305	0.262356018844	0.327088709153	0.37979563294	0.146150008882	0.314116017972
GC45	0.22976088436	0.19178025027	0.156233506662	0.183679541477	0.137015185389	0.131727248622	0.142489071987	0.168596107701	0.357812509237	0.354342928962	0.238157957682	0.154029089856	0.163646324845	0.188580666507	0.177703677117	0.229766943159	0.0	0.170070988584	0.17534093722	0.189194048649	0.121061067474	0.149782609948	0.192806270381	0.122348126279	0.140858153748	0.18914590419	0.300724885361	0.255695110333	0.149753664506	0.187781161582	0.160378824508	0.149299853072	0.177559322014	0.168907542217	0.172086967936	0.505115836635	0.159074591272	0.141997545589	0.162849722915	0.164922412915	0.208731037742	0.310299225922	0.110370469652	0.16509084658	0.190111900833	0.232347670496	0.206300454812	0.227116963909	0.162422796192	0.131596181961	0.180952517054	0.180530016131	0.342676893483	0.150372348549	0.325640795792	0.1731190924	0.17261745171	0.19690849484	0.199010808713	0.190149425909	0.16228281779	0.152872482929	0.168481165657	0.300894856532	0.158098583047	0.135118386905	0.207148929935	0.176009195427	0.14954703804	0.467765532435	0.179949423143	0.311472394508	0.323029989219	0.162386021022	0.198049014629
GC17	0.19424966194	0.14318113352	0.194646644534	0.162849185197	0.201402577217	0.131851609415	0.162639861557	0.191599368092	0.387181397397	0.376264381796	0.279227641967	0.191271298518	0.136502041464	0.255795220082	0.165390636336	0.167786591952	0.170070988584	0.0	0.210171055948	0.131641446482	0.14391759521	0.124195708088	0.248759337227	0.167563642306	0.220871937424	0.18850108107	0.336508459804	0.262410754868	0.197299962249	0.175415188905	0.154736815345	0.175229997395	0.221911321048	0.121747450509	0.161005246238	0.472484174174	0.237375785755	0.143632538541	0.111245875876	0.155896919666	0.175255864789	0.343647680132	0.18711284702	0.152922596186	0.211691931932	0.280554715344	0.293165358212	0.246859692719	0.153585440049	0.178693396036	0.16770422565	0.153036564034	0.379247826138	0.169958026436	0.355762391175	0.201794927162	0.205631751592	0.219517430052	0.181440887663	0.183211761575	0.174679388667	0.147934052372	0.174564384061	0.331119775246	0.155292731738	0.155047357689	0.217414955579	0.120248069272	0.141561821852	0.433477710851	0.186813116348	0.268919143183	0.356035482027	0.11935822178	0.253963981048
GC85	0.276642227771	0.226122116051	0.185601363335	0.190138883296	0.22047469709	0.217288335298	0.220546063512	0.205086458331	0.329807250649	0.326218737949	0.267190070606	0.125623345342	0.225198817413	0.186129777947	0.205692807729	0.258474183524	0.17534093722	0.210171055948	0.0	0.220289482929	0.190002219634	0.212957508504	0.234417862136	0.195693991101	0.183105020996	0.201984751447	0.26191820155	0.288026062025	0.17251143561	0.20207627716	0.214599736275	0.22536561512	0.251283607129	0.212433109027	0.211352115883	0.508435830846	0.182097812178	0.179510325574	0.2319827486	0.215846874482	0.235886189572	0.270740843526	0.200537339704	0.199858822363	0.277410006539	0.229612208818	0.223109805149	0.288982010598	0.152910536531	0.215984180934	0.278740783527	0.224714871795	0.314047082824	0.212076591445	0.290977185867	0.203122573447	0.243518386997	0.245013401802	0.215983858512	0.205687993435	0.217555091704	0.235671202312	0.181291751868	0.269608525534	0.172049427773	0.243489070617	0.226549859763	0.195525051962	0.18725245948	0.534721841445	0.221843072315	0.376521447905	0.287854125278	0.201464434082	0.187979985377
GC13	0.212637231237	0.116557277321	0.203777151294	0.151884439571	0.211883309525	0.162083143689	0.191998237311	0.22209035919	0.379732781608	0.376410976364	0.285108394935	0.195431663669	0.149464791173	0.252488677151	0.178878799656	0.159524411664	0.189194048649	0.131641446482	0.220289482929	0.0	0.157928479781	0.142090958989	0.254423777114	0.172877998842	0.222616394262	0.154489305266	0.325731466178	0.282849798549	0.215582631869	0.170532591396	0.177645892406	0.188895274561	0.238537532861	0.145375290596	0.167732955142	0.473959578922	0.241173931075	0.168650425026	0.158561310441	0.16736126583	0.183658620223	0.335760083542	0.201272835693	0.130237972204	0.233137841765	0.290786823866	0.286932020049	0.268544582318	0.159704364117	0.190556400699	0.201675469908	0.139731031406	0.375132745731	0.181616781527	0.351323722617	0.200634519717	0.216385949201	0.228443361992	0.177309416273	0.175055855942	0.186817533987	0.171170167446	0.187778559477	0.321910416566	0.137907677271	0.185628220577	0.226298430515	0.123514401037	0.144567355961	0.457724469545	0.208389910129	0.302579735248	0.347699638733	0.109453502557	0.260926421461
GC51	0.216467520675	0.153605927979	0.16086794455	0.161125789948	0.153095073925	0.137698372576	0.127436147689	0.180447196579	0.358392891854	0.355152151984	0.265372358861	0.164133453553	0.133542536801	0.22887821551	0.153340843284	0.192222127067	0.121061067474	0.14391759521	0.190002219634	0.157928479781	0.0	0.119658044608	0.215097196738	0.146127627854	0.180972170747	0.18766034023	0.303456610555	0.254445640389	0.164684901635	0.149973033682	0.160336788899	0.161530173407	0.194005742	0.132229104888	0.145052408395	0.503162842384	0.204090495198	0.1215014097	0.139384231479	0.130713943387	0.17859077741	0.31806580129	0.137448214847	0.142201081865	0.203046732972	0.266780448088	0.251867715751	0.251339738813	0.157647492789	0.140043113257	0.198366812282	0.140581770419	0.352617113232	0.144348289205	0.329119581496	0.192743255835	0.185676367319	0.208143313163	0.174604468556	0.166247366982	0.14405267874	0.134766512705	0.167804400176	0.303106314321	0.129604816115	0.133872236561	0.199968323739	0.147809577585	0.118566337918	0.460387778491	0.181526595746	0.298670995576	0.328485659531	0.127744359706	0.230431711458
GC49	0.215324639839	0.152777670916	0.19076772303	0.184725346012	0.15208902	0.106280837275	0.154769937665	0.187934394357	0.390427628687	0.384370927284	0.252813853468	0.188747635401	0.151799958845	0.23418512359	0.17435785789	0.168077463729	0.149782609948	0.124195708088	0.212957508504	0.142090958989	0.119658044608	0.0	0.215171487462	0.135466282312	0.178569629939	0.195741632361	0.341056700843	0.284597221599	0.192597364763	0.182931196274	0.12441341	0.130337917959	0.176529548514	0.129102510484	0.164439896393	0.504514440521	0.218522669329	0.166138009459	0.106812382462	0.144160547213	0.188694987005	0.354760093869	0.14965685551	0.14169147	0.182486856496	0.277690342718	0.26750379878	0.225553006397	0.174152729239	0.142383984224	0.154249783892	0.154222067368	0.385587513065	0.13691523	0.364713262111	0.179827856724	0.16892378	0.211684972955	0.196524751837	0.196097439688	0.157848452698	0.149280297827	0.166165413871	0.332700539479	0.155077226345	0.115158406506	0.191923807136	0.112682158477	0.134557199296	0.4590574	0.173405024878	0.29378038	0.364805920202	0.134197994683	0.244429080895
GC2	0.302575381544	0.26272931884	0.267757499537	0.238909488878	0.14810624524	0.17967699788	0.237302578597	0.171239975288	0.370415376517	0.364459277038	0.172777995678	0.195492808037	0.276252399914	0.171159216153	0.27648191453	0.327860795561	0.192806270381	0.248759337227	0.234417862136	0.254423777114	0.215097196738	0.215171487462	0.0	0.188880497185	0.143644051802	0.271417345257	0.298803925293	0.304588171788	0.177197255956	0.282539527857	0.192106734852	0.183408067393	0.144184730682	0.2556706194	0.254030654428	0.516940356687	0.170959019545	0.239123802559	0.26161574694	0.263030199236	0.286775396451	0.312709936246	0.152639949645	0.243991686881	0.179564061768	0.227857879756	0.152947536345	0.187070871405	0.220500849811	0.152180784639	0.204084206309	0.274296016479	0.351384793335	0.184275203007	0.33191002762	0.236826775169	0.155984475576	0.176378881079	0.284135853398	0.289221173321	0.249700217165	0.240222322241	0.215173467249	0.305197935341	0.230271746527	0.192722033793	0.195057996804	0.24068039453	0.216823994447	0.520040676126	0.197606584434	0.36384620526	0.328399055509	0.238993941139	0.236619489596
GC34	0.227578922333	0.173534220316	0.181320039842	0.20675830831	0.142121305025	0.119714713961	0.181083631355	0.17852188804	0.389923189483	0.387770439329	0.238428333472	0.161798736463	0.189767453193	0.186776666873	0.205519006085	0.224195296568	0.122348126279	0.167563642306	0.195693991101	0.172877998842	0.146127627854	0.135466282312	0.188880497185	0.0	0.153214406118	0.195513263151	0.337265334879	0.291719768343	0.189052417387	0.205583781253	0.153412002161	0.114630421136	0.170139387057	0.178337846079	0.19795525319	0.508760714101	0.176686763404	0.172830192173	0.165843006987	0.177833462497	0.21846498768	0.344262552764	0.146452419701	0.163521410905	0.179127466391	0.242591352544	0.229329916345	0.213748137906	0.178397362957	0.131824047879	0.157838405962	0.190963599434	0.378582924623	0.146097970201	0.353172954774	0.15658366635	0.160233589548	0.191227029632	0.217014685058	0.216391530926	0.186133976684	0.178023626088	0.177185543848	0.331781667717	0.165043484763	0.14332170044	0.188835628141	0.156459770758	0.158861547739	0.483228570251	0.168914619173	0.325114154573	0.357459323486	0.159974711348	0.211988198211
GC94	0.275597306566	0.235292974707	0.210763236941	0.207023366124	0.152612323651	0.155523098205	0.196263443941	0.172520186196	0.367349323396	0.365505842234	0.20645657759	0.165821704776	0.237501283018	0.182401613991	0.234968549696	0.282399680699	0.140858153748	0.220871937424	0.183105020996	0.222616394262	0.180972170747	0.178569629939	0.143644051802	0.153214406118	0.0	0.221189473291	0.309092920353	0.286507129371	0.134759285904	0.244289799131	0.179453971663	0.17019051958	0.168916453514	0.221867251271	0.220264176223	0.510775751197	0.166734958364	0.210875254972	0.222139819525	0.226164565266	0.257955355309	0.322319710979	0.13893029331	0.209881531258	0.195897271216	0.222740172414	0.164559243001	0.226088450842	0.181313790931	0.143120526749	0.202527561559	0.23340816779	0.355156500036	0.149326955436	0.336362480608	0.199054367915	0.176501205436	0.200272162687	0.238225070332	0.244185120461	0.203330902372	0.2109919311	0.160734974563	0.307849913763	0.201967283515	0.166128054388	0.193779937242	0.21921185513	0.189179310314	0.519139661704	0.183113509746	0.357637192779	0.334829405966	0.204234905964	0.195271557673
GC90	0.225263276166	0.122295844981	0.189356050294	0.131062150289	0.236830407639	0.213620363968	0.213249576556	0.246286525475	0.405799561907	0.401760949409	0.310949074874	0.178339516731	0.184402910226	0.241577757753	0.182017562245	0.150841138157	0.18914590419	0.18850108107	0.201984751447	0.154489305266	0.18766034023	0.195741632361	0.271417345257	0.195513263151	0.221189473291	0.0	0.353778941944	0.305997948953	0.220327192403	0.179569880245	0.236213127253	0.228374009109	0.257653206744	0.185527951174	0.173160814913	0.476689224171	0.215072829418	0.187925217839	0.212697612645	0.207767980898	0.179757427975	0.362748408211	0.219232527809	0.134042490515	0.257700795312	0.277608022944	0.271748839282	0.299872624976	0.160344639627	0.227680555859	0.255499804187	0.15221082618	0.395157258319	0.210475763562	0.374949883053	0.189874219754	0.244461790558	0.281004000712	0.13995432421	0.129713351706	0.211249581158	0.217998495155	0.200414042988	0.34554061004	0.161556278677	0.233259002878	0.238258320497	0.175882727107	0.167765891809	0.500941479485	0.220335277574	0.357645501888	0.373098384294	0.139789800921	0.237513760104
GC103	0.372303787471	0.33851498242	0.310479346362	0.32135435187	0.31607010008	0.334235608358	0.325837830894	0.30572109843	0.185988258979	0.195466488046	0.322838933443	0.28129806401	0.326031293048	0.290581090667	0.311041459693	0.365978167384	0.300724885361	0.336508459804	0.26191820155	0.325731466178	0.303456610555	0.341056700843	0.298803925293	0.337265334879	0.309092920353	0.353778941944	0.0	0.310857120237	0.300750706831	0.298951564613	0.307189238847	0.354704743731	0.335190736487	0.327638657724	0.320124717047	0.55228411798	0.316092502823	0.277960971502	0.352465857733	0.320792229475	0.353970388628	0.140322110996	0.292022110341	0.327891455015	0.3764263672	0.334692532099	0.305093373689	0.352406159765	0.297907755897	0.3077056254	0.37666005015	0.333752531501	0.176700281236	0.328858125687	0.155334825693	0.365685995347	0.340953868887	0.282895302436	0.341339749248	0.319273441675	0.330996730191	0.332288759629	0.326828533342	0.128577864334	0.286226183702	0.340164898219	0.360703565521	0.327473725123	0.318878459862	0.514445525537	0.344150587107	0.413415853521	0.140258995309	0.328150714147	0.334867191138
GC75	0.264452459981	0.294891937689	0.279139144946	0.261763562571	0.283440785423	0.280623072553	0.224941453271	0.254169060055	0.318832059248	0.302171597616	0.315292337133	0.279424965764	0.239603977478	0.311898915281	0.243309207985	0.313467993769	0.255695110333	0.262410754868	0.288026062025	0.282849798549	0.254445640389	0.284597221599	0.304588171788	0.291719768343	0.286507129371	0.305997948953	0.310857120237	0.0	0.25195150575	0.266782615423	0.276964510788	0.285733617223	0.309994789088	0.265606449635	0.229546491906	0.465724728877	0.297005284073	0.232212901759	0.260480128843	0.245714500432	0.250022654581	0.298098260946	0.25511026118	0.278842472202	0.274971990542	0.28173729384	0.322142261177	0.305428253679	0.250566873085	0.282565546297	0.314016821763	0.284107008763	0.301986502955	0.287226064809	0.306167519067	0.32573378769	0.30596527759	0.271692055313	0.244283206943	0.280393881735	0.233863268833	0.236684926745	0.272222445053	0.301912813762	0.25941617649	0.279756565625	0.279962971136	0.273601566586	0.268997314149	0.344711513326	0.251586373353	0.197054418169	0.310444953311	0.274739301884	0.319494749845
GC56	0.229727459614	0.219859495191	0.216424829292	0.168121775176	0.187505575869	0.190727944435	0.156289121266	0.180631460797	0.361901968622	0.363031911183	0.246320752904	0.168786408277	0.203109149075	0.217174955673	0.210725664573	0.267360885366	0.149753664506	0.197299962249	0.17251143561	0.215582631869	0.164684901635	0.192597364763	0.177197255956	0.189052417387	0.134759285904	0.220327192403	0.300750706831	0.25195150575	0.0	0.217306365581	0.207514752698	0.210274402067	0.211234711979	0.202859004492	0.174922461308	0.469760715489	0.192761036374	0.174319124392	0.193369924466	0.216661071318	0.207146635165	0.314795179904	0.154692035042	0.193711142792	0.20788605574	0.203991434862	0.20200000619	0.266122651129	0.150622781918	0.178398285139	0.232904097889	0.218083220565	0.350720815426	0.189857024141	0.329794952476	0.232835049816	0.217402682107	0.222179822667	0.192620204813	0.211566475046	0.169146284311	0.16737750415	0.154894960187	0.30410410904	0.181533955686	0.186941757197	0.189050373713	0.210226293324	0.162500361746	0.493260090769	0.167055326381	0.332732941981	0.326847451203	0.183602693331	0.214481473028
GC7	0.227736943483	0.160106787513	0.181289604275	0.151764103139	0.221108428902	0.208086964876	0.175370094898	0.243044811262	0.323896817358	0.319976442998	0.326924928908	0.193557068926	0.124762317162	0.26719034534	0.112107635293	0.165996121601	0.187781161582	0.175415188905	0.20207627716	0.170532591396	0.149973033682	0.182931196274	0.282539527857	0.205583781253	0.244289799131	0.179569880245	0.298951564613	0.266782615423	0.217306365581	0.0	0.217010042971	0.23230860833	0.262563172643	0.154442288864	0.167675273175	0.513791611944	0.258885270703	0.136261510342	0.18843300512	0.138339998143	0.182851906033	0.290788032134	0.194240570473	0.161123586677	0.277325831632	0.30632318152	0.314835505675	0.315923495491	0.162853750702	0.212776951277	0.267135540721	0.154906032124	0.321049796536	0.195368889597	0.291794731766	0.235022308292	0.257775636475	0.275363748333	0.167304924821	0.122903111469	0.181822353314	0.193684139753	0.213946670666	0.287961038996	0.147508472773	0.216431377383	0.264718704823	0.166530510649	0.151706834566	0.443427940141	0.238031274347	0.31912955136	0.297146179377	0.139431733052	0.273060848448
GC19	0.240837162258	0.196321983172	0.20557828013	0.227478045051	0.14992141	0.122107944429	0.191423123706	0.151208724357	0.36750139202	0.356419241751	0.216867336694	0.178513880802	0.200087866798	0.189914864359	0.222973193773	0.229215395424	0.160378824508	0.154736815345	0.214599736275	0.177645892406	0.160336788899	0.12441341	0.192106734852	0.153412002161	0.179453971663	0.236213127253	0.307189238847	0.276964510788	0.207514752698	0.217010042971	0.0	0.147720332449	0.174053869292	0.175794840196	0.205842537816	0.512141893724	0.192324390413	0.184767525631	0.155317969019	0.180311970328	0.229142041269	0.320790689598	0.146980634082	0.17645958	0.197723008438	0.25071478428	0.230145481355	0.195857541984	0.193527034569	0.133620195431	0.178554572808	0.199611813158	0.360761568392	0.16787574	0.336579714523	0.2027667482	0.16237177	0.166141842065	0.246406101429	0.244528367695	0.20773815006	0.174302277082	0.191415002419	0.300840937174	0.178683376024	0.142075482129	0.211557505879	0.134342501824	0.177096497337	0.44938245	0.185857459106	0.27828595	0.332321228788	0.167940168364	0.229691106867
GC27	0.236846188529	0.196418707432	0.201599115028	0.234307068132	0.124879762041	0.113949961249	0.189037300995	0.176563957575	0.408259058235	0.401619650618	0.227778097474	0.191568309888	0.202488318063	0.197181675301	0.235913631597	0.235019883085	0.149299853072	0.175229997395	0.22536561512	0.188895274561	0.161530173407	0.130337917959	0.183408067393	0.114630421136	0.17019051958	0.228374009109	0.354704743731	0.285733617223	0.210274402067	0.23230860833	0.147720332449	0.0	0.148111502352	0.19375378088	0.215232331418	0.512453566515	0.192121779796	0.197284499346	0.169222270934	0.192235460187	0.238141242878	0.364396149472	0.167242489796	0.181108696531	0.165736998335	0.259241502484	0.244356791877	0.190628231761	0.195268411323	0.138892387095	0.138199790443	0.203025319136	0.396911244847	0.14220597898	0.37165919316	0.177189924506	0.139211161224	0.196180958771	0.235364030612	0.245020915496	0.19909208019	0.184542185542	0.191143543038	0.346962679543	0.191458716499	0.13858503762	0.183325296329	0.158803914175	0.183149311096	0.473029189388	0.184530590095	0.307835952245	0.376605693362	0.179318117295	0.227746086188
GC93	0.273813447601	0.240894604333	0.255146051819	0.246164620395	0.119649519353	0.155204455493	0.207084825107	0.170904064135	0.3937705735	0.385261394484	0.182926156991	0.211489421141	0.241659647828	0.196256140147	0.245450567192	0.291456347492	0.177559322014	0.221911321048	0.251283607129	0.238537532861	0.194005742	0.176529548514	0.144184730682	0.170139387057	0.168916453514	0.257653206744	0.335190736487	0.309994789088	0.211234711979	0.262563172643	0.174053869292	0.148111502352	0.0	0.238039022877	0.225891678412	0.530884613623	0.184367559439	0.21774536447	0.228221464022	0.227220707143	0.263230937028	0.346690699737	0.151870676348	0.209727017118	0.153539117763	0.269032158469	0.228673245023	0.159553145972	0.224474886113	0.138718212961	0.175003271838	0.240855955572	0.379111791739	0.145859355885	0.357724828856	0.222959878665	0.111349475753	0.198475427506	0.265902215431	0.266623181717	0.228432502411	0.211665294385	0.218906377593	0.330600673359	0.2112413754	0.158273382641	0.197301224891	0.213180143259	0.199510678153	0.506535549848	0.195819950944	0.346376899474	0.357869158726	0.214815689579	0.2344153332
GC87	0.212539017578	0.147910216656	0.178183560606	0.161250424983	0.19227583036	0.162596467797	0.166580814901	0.222856978401	0.383034979496	0.379961438362	0.299398734666	0.201088148873	0.119172728811	0.264159489324	0.152467960594	0.146317293481	0.168907542217	0.121747450509	0.212433109027	0.145375290596	0.132229104888	0.129102510484	0.2556706194	0.178337846079	0.221867251271	0.185527951174	0.327638657724	0.265606449635	0.202859004492	0.154442288864	0.175794840196	0.19375378088	0.238039022877	0.0	0.161842843431	0.5015699236	0.242496818288	0.150236411577	0.126913460402	0.146439737891	0.18532396029	0.336688610115	0.170562182423	0.150808519186	0.24075618497	0.299597091077	0.294163618803	0.286407364158	0.162034445875	0.179635719697	0.19820482437	0.137274366049	0.373242586268	0.181225408084	0.352674041008	0.217663066679	0.23510144896	0.237417149533	0.178919872128	0.170426332169	0.177774994809	0.156551643175	0.193271252035	0.325759680081	0.140675362718	0.160409121667	0.246244347557	0.136629180586	0.138741587712	0.442423351411	0.218321477104	0.284755989372	0.350152630278	0.1295376645	0.262067183104
GC28	0.170921029155	0.158302254105	0.19794498484	0.144045828323	0.201469827896	0.186406252505	0.125474121654	0.209649232386	0.37554305089	0.370925709568	0.299776785325	0.189814868314	0.144617563303	0.259510353271	0.148739874943	0.189284707211	0.172086967936	0.161005246238	0.211352115883	0.167732955142	0.145052408395	0.164439896393	0.254030654428	0.19795525319	0.220264176223	0.173160814913	0.320124717047	0.229546491906	0.174922461308	0.167675273175	0.205842537816	0.215232331418	0.225891678412	0.161842843431	0.0	0.444665303028	0.242713545533	0.134531683367	0.147005353079	0.16335109432	0.126342861571	0.330634403772	0.17707057967	0.148246351283	0.193997490868	0.247598425797	0.291988911484	0.27860919935	0.157302742327	0.186882693901	0.233250083366	0.156489116654	0.363879259333	0.176466758216	0.343319484889	0.218615457214	0.22738898998	0.257065659315	0.140768822829	0.154505357954	0.144112894284	0.124210799224	0.188270234016	0.315928707415	0.14355554231	0.179907225475	0.17322632905	0.163834539078	0.135960470922	0.458915348257	0.160251927514	0.296732387014	0.343010174227	0.135721327707	0.255648323797
